Building 1

3.260,00  606,00
1.284,00  1.188,00
1.480,00  1,188,00
2.433,18  2.270,00
2.625,33  2.269,67

Building 2

612,00 1.183,00

Building 2 v2

2.533,00 1.160,00 HFLIP

Building 2 v3

959,00 609,00
921,00 1183,00 HFLIP
2.882,00 2,271,00 HFLIP
2.014,67 2845,33

Beenhouwer

3.031,97 1.163,33

Building 3

1.279,39 612,21

Building 4

3.182,67 2820,00

Building 5

2.657,00 602,00
1.951,82 2.242,48

Buildig 5 v2

1.058,33 2.241,33

Building 6

1.604,67 640,00

Building 7

763,82 639,82
2.568,00 1.730,00
2.370,00 1.731,00 HFLIP

Building 7 v2

2.912,67 1.732,00 HFLIP
3.024,33 1.731,33

Building 7 v3

573,00 641,00
2.337,58 1.191,76
609,33 2.304,00
799,00 2.304,00 HFLIP

Fontein

1.754,00 1678,00 (size van image heb ik x3 gedaan ipv x2)

Kerk

1.726,00 1.372,00

Billboard

378,17 2.789,00


autumn tree

2.108,00 1.140,00
560,00 1.631,00
699,00 1.759,00
798,00 1.647,00
931,00 1.773,00
964,00 1.621,00
1.177,00 1.744,00
1.600,00 2.264,00

dead tree

2.025,00 1.123,00
560,00 1.756,00
822,00 1.792,00

Broken_tree1

2.114,00 1.150,00

Broken_tree2

2.192,00 1.165,00

Broken_tree3

1.340,00 1.538,00

Broken_tree7

2.174,00 1.284,00
1.136,00 1.616,00 HFLIP

Bluecar-1

967,33 2.652,00 HFLIP

Brown-1

968,67 2.808,00 HFLIP

decapred-1

1.282,67 2.613,33

yellow1

1.286,67 2.722,67

white-1

1.437,33 2.795,33 HFLIP

van1

1.762,67 2.696,67
1.537,33 652,00

sportryel-1

2.784,00 2.817,33

ranger-1

2.822,67 1.768,00

pizzavan2

2.897,33 1.154,67
2.897,33 1.096,00